10145 
10225 
10233 
10241 
10321 
10364 
10479 
10604 
10786 
11260 
11850 
12060 
12079 
12095 
12140 
12503 
12546 
12941 
13549 
14090 
14322 
14736 
14760
15069 
15368 
15456 
15659 
16002 
18227 
10989 
11308 
11754 
12378 
12490 
12837 
13143 
14541 
14592 
16432 
16571 
16707 
17830 
18163 
18278 
10107 
10401
10495 
11703 
13354 
13661 
13901 
18542 
19019 
19561 
19713 
21573 
22592 
22752 
24643 
26403 
27828 
43449 
48071 
55976 
59176 
59328 
66093 
66181 
70519
14593 
19502 
21936 
57665 
59408 
65875 
66800 
86868 
89006 
92611 
92655 
16109 
22111 
76076